6 0.44166666666666665 0.31203703703703706 0.09583333333333334 0.1425925925925926
6 0.47239583333333335 0.34444444444444444 0.06354166666666666 0.08148148148148149
6 0.9010416666666666 0.32685185185185184 0.05625 0.10185185185185185
6 0.8395833333333333 0.36666666666666664 0.08333333333333333 0.1111111111111111
6 0.7760416666666666 0.3490740740740741 0.07083333333333333 0.09074074074074075
6 0.71875 0.35 0.11875 0.15925925925925927
6 0.7666666666666667 0.262037037037037 0.05 0.09074074074074075
6 0.8119791666666667 0.262037037037037 0.10104166666666667 0.09074074074074075
6 0.8880208333333334 0.27870370370370373 0.109375 0.11666666666666667
6 0.9640625 0.28055555555555556 0.06354166666666666 0.12777777777777777
6 0.6359375 0.2796296296296296 0.07395833333333333 0.12962962962962962
6 0.5911458333333334 0.29259259259259257 0.11145833333333334 0.1259259259259259
6 0.50625 0.2777777777777778 0.10208333333333333 0.1037037037037037
6 0.32135416666666666 0.32592592592592595 0.14479166666666668 0.14444444444444443
6 0.22864583333333333 0.3398148148148148 0.13229166666666667 0.10185185185185185
6 0.15052083333333333 0.26851851851851855 0.065625 0.12222222222222222
3 0.22291666666666668 0.4861111111111111 0.44583333333333336 0.32037037037037036
3 0.49322916666666666 0.5018518518518519 0.46770833333333334 0.29259259259259257
3 0.765625 0.512962962962963 0.45 0.3333333333333333