6 0.8588541666666667 0.3175925925925926 0.12604166666666666 0.09814814814814815
6 0.7130208333333333 0.3175925925925926 0.13229166666666667 0.09814814814814815
6 0.5989583333333334 0.3194444444444444 0.0625 0.09444444444444444
6 0.5026041666666666 0.32592592592592595 0.084375 0.0962962962962963
6 0.5098958333333333 0.2796296296296296 0.07604166666666666 0.07037037037037037
6 0.4625 0.32314814814814813 0.10833333333333334 0.15
6 0.40260416666666665 0.32314814814814813 0.109375 0.11296296296296296
6 0.3453125 0.3351851851851852 0.06354166666666666 0.08148148148148149
6 0.09166666666666666 0.3037037037037037 0.0875 0.10740740740740741
6 0.0546875 0.3 0.057291666666666664 0.08148148148148149
6 0.3692708333333333 0.4527777777777778 0.13020833333333334 0.10925925925925926
3 0.1984375 0.44166666666666665 0.396875 0.2388888888888889
3 0.4703125 0.4305555555555556 0.415625 0.20925925925925926
3 0.7390625 0.44537037037037036 0.409375 0.2351851851851852
6 0.7177083333333333 0.5518518518518518 0.07916666666666666 0.08888888888888889