6 0.7046875 0.30277777777777776 0.09895833333333333 0.07962962962962963
6 0.671875 0.35185185185185186 0.12291666666666666 0.12962962962962962
6 0.6703125 0.40555555555555556 0.234375 0.22592592592592592
6 0.8484375 0.5805555555555556 0.10729166666666666 0.10185185185185185
6 0.5385416666666667 0.3907407407407407 0.09375 0.14074074074074075
6 0.5395833333333333 0.5712962962962963 0.11666666666666667 0.20185185185185187
6 0.425 0.3814814814814815 0.12708333333333333 0.13703703703703704
6 0.4557291666666667 0.4388888888888889 0.14479166666666668 0.14444444444444443
6 0.3546875 0.41944444444444445 0.146875 0.22777777777777777
6 0.38125 0.5527777777777778 0.11041666666666666 0.13518518518518519
6 0.3411458333333333 0.6074074074074074 0.115625 0.11481481481481481
6 0.4505208333333333 0.7972222222222223 0.21354166666666666 0.1685185185185185
6 0.19947916666666668 0.43796296296296294 0.17395833333333333 0.14629629629629629
6 0.09479166666666666 0.6027777777777777 0.15625 0.1648148148148148
6 0.20520833333333333 0.6175925925925926 0.12708333333333333 0.1537037037037037