6 0.43854166666666666 0.3287037037037037 0.14583333333333334 0.10925925925925926
6 0.5088541666666667 0.28888888888888886 0.08645833333333333 0.11851851851851852
6 0.41041666666666665 0.27037037037037037 0.1125 0.14444444444444443
6 0.35104166666666664 0.26851851851851855 0.1 0.13333333333333333
6 0.3265625 0.32222222222222224 0.12395833333333334 0.12222222222222222
6 0.27447916666666666 0.25925925925925924 0.08020833333333334 0.1111111111111111
6 0.20364583333333333 0.24166666666666667 0.06770833333333333 0.07592592592592592
6 0.21197916666666666 0.29814814814814816 0.078125 0.08518518518518518
6 0.16666666666666666 0.25555555555555554 0.08541666666666667 0.10740740740740741
6 0.1265625 0.24814814814814815 0.05520833333333333 0.07407407407407407
6 0.1421875 0.3074074074074074 0.07395833333333333 0.1
6 0.040625 0.2916666666666667 0.08125 0.13148148148148148
3 0.20625 0.42777777777777776 0.4125 0.23333333333333334
3 0.4744791666666667 0.425 0.27395833333333336 0.14629629629629629
3 0.7369791666666666 0.46296296296296297 0.5260416666666666 0.26666666666666666