6 0.051041666666666666 0.48703703703703705 0.09166666666666666 0.08148148148148149
6 0.10104166666666667 0.4824074074074074 0.08333333333333333 0.09074074074074075
6 0.17291666666666666 0.4777777777777778 0.16666666666666666 0.16666666666666666
6 0.2557291666666667 0.49444444444444446 0.09270833333333334 0.1037037037037037
6 0.26979166666666665 0.5398148148148149 0.05 0.05
6 0.31927083333333334 0.5361111111111111 0.06145833333333333 0.07962962962962963
6 0.3109375 0.48148148148148145 0.059375 0.07037037037037037
6 0.39427083333333335 0.4861111111111111 0.10729166666666666 0.09814814814814815
6 0.4708333333333333 0.4777777777777778 0.09166666666666666 0.0962962962962963
6 0.45208333333333334 0.5259259259259259 0.052083333333333336 0.07037037037037037
6 0.6901041666666666 0.4824074074074074 0.084375 0.09074074074074075