6 0.049479166666666664 0.587037037037037 0.09895833333333333 0.34074074074074073
6 0.12864583333333332 0.6212962962962963 0.24479166666666666 0.4648148148148148
6 0.10520833333333333 0.7842592592592592 0.21041666666666667 0.43148148148148147
6 0.196875 0.8018518518518518 0.2875 0.3962962962962963
6 0.2635416666666667 0.6388888888888888 0.30833333333333335 0.5592592592592592
6 0.3703125 0.5898148148148148 0.2635416666666667 0.4685185185185185
6 0.47239583333333335 0.5648148148148148 0.196875 0.44814814814814813
6 0.6265625 0.537962962962963 0.384375 0.46111111111111114
6 0.8114583333333333 0.6166666666666667 0.3458333333333333 0.36666666666666664
6 0.8265625 0.8185185185185185 0.346875 0.362962962962963
6 0.7114583333333333 0.825925925925926 0.22083333333333333 0.3296296296296296
6 0.5572916666666666 0.700925925925926 0.22083333333333333 0.3314814814814815
6 0.396875 0.8074074074074075 0.3125 0.3851851851851852
6 0.3265625 0.8925925925925926 0.18020833333333333 0.1962962962962963