3 0.19166666666666668 0.4388888888888889 0.38333333333333336 0.21851851851851853
3 0.44166666666666665 0.44166666666666665 0.41458333333333336 0.21666666666666667
3 0.7291666666666666 0.47314814814814815 0.46458333333333335 0.2351851851851852
6 0.953125 0.30092592592592593 0.08541666666666667 0.06851851851851852
6 0.9729166666666667 0.3592592592592593 0.05416666666666667 0.08148148148148149
6 0.8604166666666667 0.32222222222222224 0.10833333333333334 0.11481481481481481
6 0.7953125 0.2962962962962963 0.13854166666666667 0.1259259259259259
6 0.6546875 0.3398148148148148 0.14479166666666668 0.09444444444444444
6 0.5671875 0.2777777777777778 0.065625 0.09259259259259259
6 0.6213541666666667 0.26296296296296295 0.103125 0.1037037037037037
6 0.5317708333333333 0.262037037037037 0.08645833333333333 0.12407407407407407
6 0.5651041666666666 0.33240740740740743 0.153125 0.12037037037037036
6 0.5005208333333333 0.33425925925925926 0.103125 0.08703703703703704
6 0.4239583333333333 0.262037037037037 0.11666666666666667 0.10555555555555556
6 0.409375 0.33240740740740743 0.10833333333333334 0.09444444444444444
6 0.34479166666666666 0.24259259259259258 0.09791666666666667 0.11481481481481481
6 0.26666666666666666 0.25925925925925924 0.125 0.0962962962962963
6 0.18541666666666667 0.24074074074074073 0.09166666666666666 0.08888888888888889
6 0.13802083333333334 0.23796296296296296 0.06979166666666667 0.07222222222222222
6 0.08385416666666666 0.23796296296296296 0.134375 0.11296296296296296
6 0.16822916666666668 0.3351851851851852 0.103125 0.1
6 0.13697916666666668 0.3037037037037037 0.084375 0.05925925925925926