6 0.1078125 0.7231481481481481 0.13645833333333332 0.20925925925925926
6 0.21666666666666667 0.8305555555555556 0.11041666666666666 0.10185185185185185
6 0.45989583333333334 0.8694444444444445 0.28229166666666666 0.2611111111111111
6 0.46770833333333334 0.725 0.13125 0.1537037037037037
6 0.5645833333333333 0.7435185185185185 0.14791666666666667 0.17592592592592593
6 0.5072916666666667 0.7953703703703704 0.14166666666666666 0.19444444444444445
6 0.7296875 0.7611111111111111 0.259375 0.21851851851851853
6 0.8494791666666667 0.7685185185185185 0.14479166666666668 0.16666666666666666
6 0.9416666666666667 0.7444444444444445 0.11666666666666667 0.14814814814814814
6 0.7932291666666667 0.8481481481481481 0.07604166666666666 0.14444444444444443
6 0.24583333333333332 0.9462962962962963 0.12083333333333333 0.10740740740740741