6 0.5479166666666667 0.39537037037037037 0.075 0.12407407407407407
6 0.7427083333333333 0.42685185185185187 0.06875 0.12777777777777777
6 0.6828125 0.41759259259259257 0.06979166666666667 0.12037037037037036
6 0.6010416666666667 0.5314814814814814 0.09791666666666667 0.1037037037037037
6 0.28229166666666666 0.4537037037037037 0.07708333333333334 0.1
6 0.3380208333333333 0.41574074074074074 0.103125 0.19814814814814816
6 0.4786458333333333 0.6833333333333333 0.11145833333333334 0.15185185185185185
6 0.16822916666666668 0.38333333333333336 0.08645833333333333 0.09259259259259259
6 0.09791666666666667 0.375 0.06875 0.09074074074074075
6 0.1453125 0.41759259259259257 0.06770833333333333 0.06851851851851852
6 0.15885416666666666 0.4898148148148148 0.090625 0.09444444444444444
6 0.8572916666666667 0.4064814814814815 0.052083333333333336 0.07222222222222222