6 0.052083333333333336 0.49444444444444446 0.10416666666666667 0.17407407407407408
6 0.153125 0.46944444444444444 0.24791666666666667 0.20555555555555555
6 0.271875 0.4861111111111111 0.16041666666666668 0.1685185185185185
6 0.3390625 0.48055555555555557 0.11770833333333333 0.17962962962962964
6 0.40260416666666665 0.47129629629629627 0.128125 0.19444444444444445
6 0.484375 0.44537037037037036 0.20833333333333334 0.20925925925925926
6 0.5885416666666666 0.48148148148148145 0.11875 0.13703703703703704
6 0.8125 0.4537037037037037 0.2125 0.21481481481481482
6 0.7307291666666667 0.46111111111111114 0.046875 0.07407407407407407
6 0.6421875 0.4722222222222222 0.040625 0.06296296296296296
8 0.3651041666666667 0.5907407407407408 0.159375 0.17037037037037037
8 0.6526041666666667 0.7314814814814815 0.353125 0.25925925925925924
8 0.565625 0.8833333333333333 0.3333333333333333 0.23333333333333334