6 0.20885416666666667 0.5111111111111111 0.146875 0.12962962962962962
6 0.16510416666666666 0.5212962962962963 0.051041666666666666 0.08333333333333333
6 0.10885416666666667 0.5296296296296297 0.08229166666666667 0.07777777777777778
6 0.2791666666666667 0.5231481481481481 0.11041666666666666 0.10185185185185185
6 0.34270833333333334 0.5083333333333333 0.1375 0.10555555555555556
6 0.39739583333333334 0.4981481481481482 0.09270833333333334 0.1037037037037037
6 0.4671875 0.4981481481481482 0.08645833333333333 0.07777777777777778
6 0.5192708333333333 0.4601851851851852 0.13229166666666667 0.21296296296296297
6 0.5828125 0.487962962962963 0.13020833333333334 0.11296296296296296
6 0.6505208333333333 0.4601851851851852 0.134375 0.1425925925925926
6 0.7119791666666667 0.45185185185185184 0.109375 0.12962962962962962
6 0.7828125 0.462037037037037 0.16770833333333332 0.13518518518518519
6 0.7651041666666667 0.5990740740740741 0.042708333333333334 0.08333333333333333
6 0.9776041666666667 0.4388888888888889 0.04479166666666667 0.09259259259259259