6 0.496875 0.6157407407407407 0.16458333333333333 0.1537037037037037
6 0.3776041666666667 0.6148148148148148 0.18854166666666666 0.18888888888888888
6 0.2328125 0.587037037037037 0.28020833333333334 0.18518518518518517
6 0.07708333333333334 0.5768518518518518 0.10208333333333333 0.10185185185185185
6 0.03177083333333333 0.5851851851851851 0.06354166666666666 0.0962962962962963
6 0.6046875 0.7074074074074074 0.115625 0.13333333333333333
6 0.9447916666666667 0.6185185185185185 0.11041666666666666 0.17407407407407408
6 0.8807291666666667 0.6351851851851852 0.20729166666666668 0.2740740740740741
6 0.7578125 0.6175925925925926 0.25104166666666666 0.21666666666666667
6 0.6973958333333333 0.6944444444444444 0.09270833333333334 0.1037037037037037
6 0.5364583333333334 0.5555555555555556 0.08125 0.07037037037037037
6 0.46458333333333335 0.5027777777777778 0.09375 0.11666666666666667
6 0.4270833333333333 0.5175925925925926 0.17083333333333334 0.13518518518518519
6 0.35572916666666665 0.5175925925925926 0.096875 0.08333333333333333
6 0.7572916666666667 0.7888888888888889 0.17291666666666666 0.12222222222222222
6 0.1296875 0.7685185185185185 0.259375 0.17037037037037037