6 0.5755208333333334 0.36666666666666664 0.11979166666666667 0.1259259259259259
6 0.8854166666666666 0.362962962962963 0.22916666666666666 0.24444444444444444
6 0.5171875 0.35555555555555557 0.09895833333333333 0.14814814814814814
6 0.42135416666666664 0.35555555555555557 0.17604166666666668 0.17407407407407408
6 0.3177083333333333 0.35462962962962963 0.15625 0.13518518518518519
6 0.26979166666666665 0.34814814814814815 0.07708333333333334 0.1111111111111111
6 0.21927083333333333 0.3592592592592593 0.11979166666666667 0.15925925925925927
6 0.18541666666666667 0.4740740740740741 0.08125 0.12222222222222222
6 0.5864583333333333 0.812037037037037 0.08333333333333333 0.14629629629629629
7 0.44895833333333335 0.2657407407407407 0.2375 0.1685185185185185
7 0.5791666666666667 0.2972222222222222 0.21041666666666667 0.1425925925925926