6 0.2296875 0.5212962962962963 0.13020833333333334 0.18703703703703703
6 0.16145833333333334 0.6768518518518518 0.1875 0.2537037037037037
6 0.12916666666666668 0.5462962962962963 0.10833333333333334 0.14074074074074075
6 0.13697916666666668 0.4462962962962963 0.096875 0.17037037037037037
6 0.08489583333333334 0.49907407407407406 0.16979166666666667 0.25
6 0.3697916666666667 0.46944444444444444 0.10208333333333333 0.1574074074074074
6 0.5515625 0.4083333333333333 0.12604166666666666 0.18703703703703703
6 0.5765625 0.4861111111111111 0.24479166666666666 0.22037037037037038
6 0.7359375 0.4148148148148148 0.21354166666666666 0.24074074074074073
6 0.8786458333333333 0.39166666666666666 0.18854166666666666 0.18333333333333332
6 0.9192708333333334 0.5685185185185185 0.16145833333333334 0.15185185185185185
6 0.7442708333333333 0.5509259259259259 0.103125 0.17962962962962964
6 0.3359375 0.5898148148148148 0.12604166666666666 0.13518518518518519
6 0.2890625 0.6351851851851852 0.07604166666666666 0.17037037037037037
6 0.3255208333333333 0.8018518518518518 0.08645833333333333 0.17407407407407408