6 0.15520833333333334 0.6055555555555555 0.1 0.16666666666666666
6 0.11197916666666667 0.6620370370370371 0.19479166666666667 0.15
6 0.1109375 0.7703703703703704 0.14479166666666668 0.16296296296296298
6 0.24739583333333334 0.6805555555555556 0.11354166666666667 0.1388888888888889
6 0.246875 0.8175925925925925 0.19791666666666666 0.14629629629629629
6 0.1390625 0.8953703703703704 0.065625 0.1388888888888889
6 0.41875 0.8231481481481482 0.24166666666666667 0.3055555555555556
6 0.6348958333333333 0.812962962962963 0.3260416666666667 0.337037037037037
6 0.7463541666666667 0.7212962962962963 0.16979166666666667 0.26481481481481484
6 0.8489583333333334 0.7268518518518519 0.0625 0.12407407407407407
6 0.9744791666666667 0.7157407407407408 0.051041666666666666 0.11666666666666667