6 0.33489583333333334 0.2638888888888889 0.090625 0.09444444444444444
6 0.28072916666666664 0.27037037037037037 0.071875 0.08518518518518518
6 0.29791666666666666 0.30925925925925923 0.0875 0.08888888888888889
6 0.17916666666666667 0.2490740740740741 0.09166666666666666 0.09444444444444444
6 0.13125 0.24722222222222223 0.10208333333333333 0.08703703703703704
6 0.09947916666666666 0.2953703703703704 0.096875 0.10925925925925926
6 0.049479166666666664 0.30925925925925923 0.09895833333333333 0.10740740740740741
6 0.035416666666666666 0.23333333333333334 0.07083333333333333 0.09259259259259259
6 0.084375 0.2490740740740741 0.07708333333333334 0.09074074074074075
3 0.19427083333333334 0.412962962962963 0.3885416666666667 0.1925925925925926
3 0.415625 0.4185185185185185 0.34791666666666665 0.17407407407407408
3 0.7239583333333334 0.46944444444444444 0.5520833333333334 0.31296296296296294