3 0.21822916666666667 0.46574074074074073 0.43645833333333334 0.29814814814814816
3 0.45677083333333335 0.4666666666666667 0.4197916666666667 0.28888888888888886
3 0.7515625 0.4675925925925926 0.496875 0.2796296296296296
6 0.8947916666666667 0.31203703703703706 0.08333333333333333 0.11666666666666667
6 0.9385416666666667 0.29074074074074074 0.08541666666666667 0.13333333333333333
6 0.8114583333333333 0.27037037037037037 0.05625 0.0962962962962963
6 0.7578125 0.30462962962962964 0.10104166666666667 0.12407407407407407
6 0.7140625 0.325 0.059375 0.09074074074074075
6 0.6760416666666667 0.30462962962962964 0.07083333333333333 0.12777777777777777
6 0.5807291666666666 0.30092592592592593 0.103125 0.12037037037037036
6 0.465625 0.29074074074074074 0.10208333333333333 0.11481481481481481
6 0.4161458333333333 0.2916666666666667 0.078125 0.12407407407407407
6 0.3203125 0.2851851851851852 0.08645833333333333 0.1037037037037037
6 0.2864583333333333 0.3175925925925926 0.07708333333333334 0.11296296296296296
6 0.225 0.29814814814814816 0.08125 0.12222222222222222
6 0.15416666666666667 0.27870370370370373 0.06041666666666667 0.06111111111111111
6 0.12760416666666666 0.31851851851851853 0.08645833333333333 0.1111111111111111
6 0.09791666666666667 0.27685185185185185 0.09166666666666666 0.09814814814814815
6 0.08802083333333334 0.31203703703703706 0.12395833333333334 0.17962962962962964