6 0.05364583333333333 0.45 0.10729166666666666 0.17407407407407408
6 0.13958333333333334 0.6444444444444445 0.16666666666666666 0.23703703703703705
6 0.25416666666666665 0.6666666666666666 0.22291666666666668 0.2037037037037037
6 0.4630208333333333 0.6666666666666666 0.13645833333333332 0.16666666666666666
6 0.5760416666666667 0.7148148148148148 0.16875 0.23333333333333334
6 0.73125 0.6935185185185185 0.17083333333333334 0.20555555555555555
6 0.7270833333333333 0.462037037037037 0.11458333333333333 0.13518518518518519
6 0.37135416666666665 0.687037037037037 0.065625 0.11481481481481481
6 0.9223958333333333 0.6944444444444444 0.15520833333333334 0.21851851851851853
6 0.9322916666666666 0.5018518518518519 0.10208333333333333 0.16296296296296298
6 0.8244791666666667 0.462037037037037 0.11354166666666667 0.17222222222222222
6 0.7973958333333333 0.6907407407407408 0.13229166666666667 0.3037037037037037
6 0.33541666666666664 0.812037037037037 0.09791666666666667 0.20555555555555555