3 0.20677083333333332 0.524074074074074 0.41354166666666664 0.35555555555555557
3 0.5260416666666666 0.5583333333333333 0.66875 0.3648148148148148
6 0.9536458333333333 0.362962962962963 0.09270833333333334 0.15185185185185185
6 0.8854166666666666 0.35555555555555557 0.09166666666666666 0.1
6 0.8484375 0.3537037037037037 0.121875 0.14814814814814814
6 0.8052083333333333 0.3435185185185185 0.10416666666666667 0.14629629629629629
6 0.7526041666666666 0.32685185185185184 0.08854166666666667 0.09444444444444444
6 0.6791666666666667 0.34074074074074073 0.09583333333333334 0.1037037037037037
6 0.5385416666666667 0.30462962962962964 0.11875 0.10185185185185185
6 0.45729166666666665 0.32037037037037036 0.10416666666666667 0.12222222222222222
6 0.4171875 0.3138888888888889 0.06770833333333333 0.06851851851851852
6 0.353125 0.31851851851851853 0.06875 0.1111111111111111
6 0.321875 0.31296296296296294 0.07291666666666667 0.1037037037037037
6 0.28072916666666664 0.30277777777777776 0.08854166666666667 0.10185185185185185
6 0.18697916666666667 0.3277777777777778 0.071875 0.11851851851851852