3 0.1953125 0.4638888888888889 0.390625 0.26481481481481484
3 0.43645833333333334 0.4564814814814815 0.42291666666666666 0.2388888888888889
3 0.7005208333333334 0.4740740740740741 0.484375 0.24444444444444444
6 0.9098958333333333 0.30648148148148147 0.07604166666666666 0.07962962962962963
6 0.7901041666666667 0.337037037037037 0.14479166666666668 0.11481481481481481
6 0.5984375 0.31203703703703706 0.10520833333333333 0.12037037037037036
6 0.44583333333333336 0.3425925925925926 0.09583333333333334 0.1
6 0.34010416666666665 0.3425925925925926 0.08229166666666667 0.09259259259259259
6 0.28541666666666665 0.33055555555555555 0.08125 0.09814814814814815
6 0.24375 0.32407407407407407 0.09791666666666667 0.1
6 0.14322916666666666 0.33796296296296297 0.090625 0.09444444444444444
6 0.08958333333333333 0.32685185185185184 0.12916666666666668 0.13518518518518519