6 0.4505208333333333 0.5537037037037037 0.165625 0.2074074074074074
6 0.5588541666666667 0.562037037037037 0.22395833333333334 0.1537037037037037
6 0.70625 0.46944444444444444 0.16666666666666666 0.2574074074074074
6 0.9536458333333333 0.5666666666666667 0.09270833333333334 0.15555555555555556
6 0.3854166666666667 0.45925925925925926 0.18958333333333333 0.22962962962962963
6 0.22708333333333333 0.45740740740740743 0.16875 0.2740740740740741
6 0.12916666666666668 0.46296296296296297 0.16041666666666668 0.24074074074074073
6 0.3015625 0.5851851851851851 0.171875 0.11481481481481481
6 0.24114583333333334 0.5546296296296296 0.06354166666666666 0.08333333333333333
6 0.7239583333333334 0.3333333333333333 0.10416666666666667 0.11851851851851852
6 0.79375 0.3990740740740741 0.10625 0.18333333333333332