6 0.15520833333333334 0.4203703703703704 0.1125 0.13333333333333333
6 0.10885416666666667 0.4925925925925926 0.121875 0.24444444444444444
6 0.21041666666666667 0.49907407407407406 0.16666666666666666 0.20555555555555555
6 0.090625 0.825 0.10833333333333334 0.17222222222222222
6 0.140625 0.725925925925926 0.12291666666666666 0.15925925925925927
6 0.5015625 0.7018518518518518 0.178125 0.21481481481481482
6 0.4734375 0.7861111111111111 0.109375 0.12777777777777777
6 0.6072916666666667 0.3611111111111111 0.075 0.13333333333333333
6 0.7182291666666667 0.3509259259259259 0.109375 0.12407407407407407
6 0.6760416666666667 0.37777777777777777 0.09583333333333334 0.15185185185185185
6 0.41875 0.32222222222222224 0.06458333333333334 0.1111111111111111
6 0.478125 0.4398148148148148 0.10208333333333333 0.1425925925925926
6 0.4895833333333333 0.3175925925925926 0.07916666666666666 0.16111111111111112
6 0.3848958333333333 0.5351851851851852 0.12395833333333334 0.1925925925925926