6 0.5885416666666666 0.35 0.07916666666666666 0.11481481481481481
6 0.6348958333333333 0.30833333333333335 0.084375 0.1425925925925926
6 0.6822916666666666 0.3814814814814815 0.07916666666666666 0.1
6 0.7291666666666666 0.4583333333333333 0.11875 0.19444444444444445
6 0.8213541666666667 0.5 0.12395833333333334 0.16666666666666666
6 0.903125 0.600925925925926 0.18333333333333332 0.22777777777777777
6 0.9161458333333333 0.31851851851851853 0.09270833333333334 0.1962962962962963
6 0.18697916666666667 0.3527777777777778 0.08020833333333334 0.09814814814814815
6 0.14739583333333334 0.3490740740740741 0.09895833333333333 0.08333333333333333
6 0.10364583333333334 0.3685185185185185 0.08020833333333334 0.08518518518518518
8 0.18802083333333333 0.6166666666666667 0.30520833333333336 0.362962962962963
8 0.09166666666666666 0.6953703703703704 0.18333333333333332 0.3574074074074074
8 0.4630208333333333 0.7925925925925926 0.19895833333333332 0.29259259259259257