6 0.8432291666666667 0.35462962962962963 0.14479166666666668 0.13148148148148148
6 0.91875 0.37777777777777777 0.15416666666666667 0.1111111111111111
6 0.7661458333333333 0.36018518518518516 0.15729166666666666 0.14629629629629629
6 0.6895833333333333 0.27870370370370373 0.11458333333333333 0.1537037037037037
6 0.7234375 0.29907407407407405 0.06145833333333333 0.09074074074074075
6 0.5963541666666666 0.27314814814814814 0.103125 0.10925925925925926
6 0.5942708333333333 0.3611111111111111 0.08854166666666667 0.10740740740740741
6 0.5109375 0.2962962962962963 0.109375 0.12962962962962962
6 0.41875 0.2537037037037037 0.15833333333333333 0.11481481481481481
6 0.3567708333333333 0.2601851851851852 0.13645833333333332 0.12037037037037036
6 0.446875 0.32222222222222224 0.1125 0.10740740740740741
6 0.28854166666666664 0.262037037037037 0.11458333333333333 0.09074074074074075
6 0.2296875 0.2518518518518518 0.065625 0.07777777777777778
6 0.1859375 0.262037037037037 0.10729166666666666 0.11296296296296296
6 0.13802083333333334 0.26851851851851855 0.096875 0.1111111111111111
6 0.033854166666666664 0.275 0.06770833333333333 0.10925925925925926
3 0.21145833333333333 0.45092592592592595 0.42291666666666666 0.26481481481481484
3 0.4354166666666667 0.46111111111111114 0.47291666666666665 0.24444444444444444
3 0.7510416666666667 0.4759259259259259 0.48541666666666666 0.25555555555555554