6 0.8979166666666667 0.33796296296296297 0.17083333333333334 0.15
6 0.7630208333333334 0.3453703703703704 0.115625 0.13148148148148148
6 0.6416666666666667 0.32407407407407407 0.14375 0.15185185185185185
6 0.5614583333333333 0.3 0.14375 0.14444444444444443
6 0.296875 0.3055555555555556 0.17291666666666666 0.13703703703703704
8 0.8041666666666667 0.725925925925926 0.39166666666666666 0.3296296296296296
8 0.8838541666666667 0.587037037037037 0.15520833333333334 0.1962962962962963
8 0.5848958333333333 0.7083333333333334 0.29270833333333335 0.22777777777777777
8 0.31354166666666666 0.8435185185185186 0.18958333333333333 0.20185185185185187
8 0.065625 0.7138888888888889 0.13125 0.22777777777777777
8 0.05 0.5212962962962963 0.1 0.17592592592592593