3 0.2526041666666667 0.48333333333333334 0.5052083333333334 0.26666666666666666
3 0.5567708333333333 0.4935185185185185 0.5239583333333333 0.3055555555555556
3 0.8135416666666667 0.5268518518518519 0.37083333333333335 0.28703703703703703
6 0.9260416666666667 0.3472222222222222 0.08125 0.10555555555555556
6 0.8161458333333333 0.36018518518518516 0.109375 0.12037037037037036
6 0.715625 0.3175925925925926 0.10208333333333333 0.1537037037037037
6 0.6447916666666667 0.30648148148148147 0.09166666666666666 0.12407407407407407
6 0.428125 0.3055555555555556 0.06875 0.08888888888888889
6 0.40729166666666666 0.3527777777777778 0.07916666666666666 0.12037037037037036
6 0.35104166666666664 0.31666666666666665 0.06875 0.1259259259259259
6 0.22760416666666666 0.25833333333333336 0.051041666666666666 0.07592592592592592
6 0.1609375 0.25833333333333336 0.051041666666666666 0.07222222222222222
6 0.11822916666666666 0.2537037037037037 0.078125 0.11481481481481481
6 0.1 0.3333333333333333 0.07916666666666666 0.13333333333333333
6 0.06302083333333333 0.287962962962963 0.084375 0.1537037037037037