3 0.13854166666666667 0.3787037037037037 0.27708333333333335 0.13148148148148148
3 0.37552083333333336 0.41203703703703703 0.30104166666666665 0.16111111111111112
3 0.6078125 0.44722222222222224 0.42604166666666665 0.21296296296296297
3 0.8213541666666667 0.4638888888888889 0.2989583333333333 0.22407407407407406
6 0.4203125 0.3194444444444444 0.090625 0.09444444444444444
6 0.378125 0.2796296296296296 0.075 0.09259259259259259
6 0.29270833333333335 0.2574074074074074 0.07916666666666666 0.0962962962962963
6 0.2515625 0.3212962962962963 0.07604166666666666 0.08333333333333333
6 0.21041666666666667 0.3101851851851852 0.07083333333333333 0.08703703703703704
6 0.1765625 0.3111111111111111 0.078125 0.10740740740740741
6 0.2 0.25925925925925924 0.08958333333333333 0.14074074074074075
6 0.13489583333333333 0.24074074074074073 0.06770833333333333 0.07037037037037037
6 0.12916666666666668 0.26666666666666666 0.08125 0.08148148148148149
6 0.1046875 0.3055555555555556 0.10520833333333333 0.13703703703703704
6 0.0609375 0.29814814814814816 0.08229166666666667 0.1037037037037037
6 0.06458333333333334 0.2388888888888889 0.09375 0.11851851851851852