9 0.2109375 0.47314814814814815 0.421875 0.5611111111111111
6 0.5390625 0.6407407407407407 0.08645833333333333 0.14814814814814814
6 0.5958333333333333 0.6194444444444445 0.09791666666666667 0.1425925925925926
6 0.6989583333333333 0.6046296296296296 0.13541666666666666 0.17222222222222222
6 0.7817708333333333 0.6435185185185185 0.071875 0.13518518518518519
6 0.7005208333333334 0.5194444444444445 0.06979166666666667 0.11296296296296296
6 0.6958333333333333 0.39351851851851855 0.07708333333333334 0.14629629629629629
6 0.7067708333333333 0.31851851851851853 0.11145833333333334 0.3074074074074074
6 0.5286458333333334 0.3787037037037037 0.15729166666666666 0.29074074074074074
6 0.45260416666666664 0.38981481481481484 0.159375 0.2796296296296296
6 0.9046875 0.39166666666666666 0.16979166666666667 0.2351851851851852