      0/54     7.73G   0.06539   0.01544   0.02527    0.1061        22       640    0.6936    0.1291    0.0716   0.01779   0.07853   0.02749   0.02018
      1/54     10.9G   0.05614    0.0138    0.0124   0.08233        19       640    0.6215    0.2326    0.1662   0.04863   0.07032   0.02639   0.01429
      2/54     10.9G   0.05287   0.01372  0.009452   0.07604        32       640    0.5551    0.2164    0.1554   0.04912   0.07301   0.02702   0.01437
      3/54     10.9G    0.0504   0.01396   0.00818   0.07254        17       640    0.5691    0.2398    0.1586   0.04718   0.07339   0.02512   0.01343
      4/54     10.9G   0.04888   0.01372  0.007138   0.06973        23       640     0.665    0.2627    0.2264   0.07625   0.06982   0.02603   0.01283
      5/54     10.9G   0.04786   0.01358  0.006316   0.06776        32       640    0.6401    0.2743    0.2347   0.08033   0.07136    0.0256   0.01285
      6/54     10.9G   0.04711   0.01391  0.005947   0.06697        37       640    0.5294     0.361    0.2551   0.09161   0.06994   0.02532   0.01346
      7/54     10.9G   0.04669   0.01364  0.005712   0.06605        26       640     0.561    0.3695    0.2888     0.102   0.06894   0.02622   0.01262
      8/54     10.9G   0.04631   0.01348  0.005591   0.06538        18       640    0.5754    0.3422    0.2847    0.1025   0.06759   0.02617   0.01206
      9/54     10.9G   0.04573   0.01357   0.00502   0.06431        11       640    0.5658    0.3486    0.2944    0.1037   0.06857   0.02576   0.01236
     10/54     10.9G   0.04569   0.01328   0.00512    0.0641        26       640     0.384    0.4249    0.3033    0.1092   0.06731   0.02593   0.01131
     11/54     10.9G   0.04529   0.01337  0.004657   0.06332        33       640    0.4099    0.3699    0.3082    0.1159   0.06752   0.02726   0.01171
     12/54     10.9G   0.04523    0.0131  0.004441   0.06277        16       640    0.4615    0.3528    0.3178    0.1195   0.06858   0.02638    0.0115
     13/54     10.9G   0.04489   0.01321   0.00448   0.06258        23       640    0.5055    0.3837    0.3328    0.1245   0.06757   0.02584   0.01161
     14/54     10.9G   0.04452   0.01311  0.004388   0.06202        22       640    0.4464    0.3616     0.326    0.1238   0.06925   0.02506   0.01145
     15/54     10.9G   0.04464    0.0129  0.004335   0.06187        20       640    0.4961    0.3607    0.3308    0.1259   0.07019   0.02437   0.01148
     16/54     10.9G   0.04439   0.01293  0.004251   0.06157        20       640    0.5091    0.3705     0.326    0.1222   0.06958   0.02485    0.0109
     17/54     10.9G   0.04397   0.01285  0.004185   0.06101         9       640    0.4547    0.3748    0.3456    0.1295   0.06961   0.02523   0.01116
     18/54     10.9G    0.0438   0.01285  0.003844   0.06049        20       640    0.5152    0.3626    0.3637    0.1295   0.06887   0.02455   0.01072
     19/54     10.9G   0.04372   0.01278  0.003771   0.06027        25       640    0.5486    0.3605    0.3565      0.14   0.06846   0.02547   0.01066
     20/54     11.1G    0.0434   0.01269  0.003961   0.06005        28       640    0.4269    0.4328    0.3519     0.136   0.07004   0.02462   0.01125
     21/54     11.1G   0.04309   0.01271  0.003716   0.05952        10       640    0.5054    0.4242    0.3708    0.1424   0.06993   0.02384   0.01073
     22/54     11.1G   0.04329   0.01251  0.003603    0.0594         8       640     0.515     0.421    0.3708    0.1454    0.0701   0.02418   0.01107
     23/54     11.1G   0.04297   0.01229   0.00349   0.05875        10       640    0.4573    0.3984    0.3566    0.1364   0.06942   0.02445   0.01077
     24/54     11.1G   0.04276   0.01248   0.00333   0.05857        21       640    0.5149    0.3869    0.3818    0.1492   0.06963   0.02479   0.01065
     25/54     11.1G   0.04259   0.01247  0.003314   0.05837        26       640    0.5163    0.4157    0.3909    0.1597    0.0699    0.0244   0.01073
     26/54     11.1G   0.04252   0.01232  0.003148   0.05799        21       640    0.5071    0.4625     0.384    0.1491   0.07012   0.02412     0.011
     27/54     11.1G    0.0422   0.01255  0.003286   0.05804        34       640    0.5088    0.4372    0.3805    0.1508   0.07025   0.02429   0.01078
     28/54     11.1G   0.04167   0.01227  0.002876   0.05681        11       640    0.5518    0.4244    0.4053     0.161   0.06878    0.0254   0.01038
     29/54     11.1G   0.04181   0.01208   0.00293   0.05682        25       640     0.573    0.3683    0.4039    0.1578   0.06866   0.02544   0.01068
     30/54     11.2G   0.04149    0.0123  0.002895   0.05668        10       640    0.5565    0.4041    0.3923    0.1576   0.06941   0.02534   0.01101
     31/54     11.2G   0.04138   0.01215  0.002828   0.05636        30       640    0.5013    0.4031    0.3796    0.1537    0.0689   0.02566   0.01049
     32/54     11.2G   0.04115   0.01216  0.002897    0.0562        18       640    0.5385    0.4196     0.392    0.1566   0.06943   0.02574   0.01084
     33/54     11.2G   0.04087   0.01212  0.002632   0.05562        19       640    0.5051    0.4347    0.3965    0.1545   0.06909    0.0256   0.01008
     34/54     11.2G    0.0408   0.01216  0.002587   0.05554        17       640    0.5203    0.4031    0.4043    0.1673    0.0685   0.02592    0.0103
     35/54     11.2G   0.04026   0.01213   0.00251    0.0549        24       640    0.4777    0.4749    0.4054     0.168   0.06751   0.02625   0.01086
     36/54     11.2G      0.04   0.01196  0.002556   0.05452        12       640    0.5029    0.4467    0.4067    0.1654   0.06795   0.02658   0.01021
     37/54     11.2G   0.03997   0.01167  0.002526   0.05416        21       640    0.5183    0.4339    0.3988    0.1624   0.06772   0.02645   0.01063
     38/54     11.2G   0.03981   0.01217  0.002496   0.05448         7       640    0.5328    0.4029     0.397    0.1639   0.06793   0.02697   0.01056
     39/54     11.2G   0.03947   0.01193  0.002347   0.05374        18       640    0.5342    0.4285    0.4037    0.1686   0.06731   0.02706   0.01025
     40/54     11.4G   0.03936   0.01187  0.002346   0.05358        10       640     0.515    0.4614    0.4178    0.1732   0.06716   0.02694  0.009996
     41/54     11.4G   0.03923   0.01194  0.002245   0.05341        63       640     0.579    0.4293    0.4114    0.1682    0.0679   0.02726   0.01017
     42/54     11.4G   0.03867   0.01179  0.002122   0.05258        16       640    0.5438     0.438    0.4161    0.1697   0.06679   0.02737   0.01017
     43/54     11.4G   0.03854   0.01155  0.002175   0.05226        11       640    0.5301    0.4426    0.4047    0.1582   0.06688   0.02781   0.01013
     44/54     11.4G   0.03839    0.0116  0.002114   0.05209        28       640    0.5492    0.4236    0.4028     0.166   0.06721   0.02749  0.009873
     45/54     11.4G   0.03811   0.01147  0.001964   0.05154        15       640    0.5366    0.4345    0.4092     0.163   0.06663   0.02751   0.01006
     46/54     11.4G   0.03797   0.01166  0.002113   0.05175        11       640    0.5798    0.3992    0.3987    0.1653   0.06626   0.02754   0.01009
     47/54     11.4G   0.03771   0.01158  0.002045   0.05133        23       640    0.5355    0.4375    0.3984    0.1603   0.06656   0.02821   0.01042
     48/54     11.4G   0.03749   0.01145  0.001964    0.0509        31       640    0.5622    0.4173    0.4001     0.163   0.06607   0.02824   0.01004
     49/54     11.4G   0.03719   0.01154  0.001916   0.05064        29       640    0.5542    0.4264    0.3955    0.1593   0.06615   0.02844   0.01007
     50/54     11.6G    0.0371   0.01148  0.001776   0.05036        25       640    0.5593    0.4449    0.4094    0.1622   0.06586   0.02835  0.009982
     51/54     11.6G   0.03703   0.01141  0.001992   0.05044        23       640    0.5634    0.4477    0.4026    0.1649   0.06538    0.0289  0.009837
     52/54     11.6G   0.03689   0.01148  0.001814   0.05019        24       640    0.5729    0.4473    0.4047    0.1634   0.06476    0.0292   0.01001
     53/54     11.6G   0.03659   0.01134  0.001885   0.04981        18       640    0.5934    0.4358    0.4059    0.1598   0.06467   0.02939  0.009909
     54/54     11.6G   0.03647   0.01126   0.00187    0.0496        34       640    0.5755    0.4387    0.4054    0.1611   0.06478   0.02926  0.009754
